[Script]
;ID    Cal   Adj            Value Update Area              Source Area              Comments
;----- ----- --- ---------------- ------------------------ ------------------------ ------------------------------
   10= B0178 SET       "1.000000" .                        .                        Flex Fuel Option
   20= B0184 SET       "1.000000" .                        .                        Flex Fuel Sensor Type
   30= B0186 SET       "1.000000" .                        .                        Flex Fuel Sensor Diagnostic
   40= B5114 SET            B5114 .                        .                        Flex Fuel (Ethanol) Spark
   50= B5115 SET            B5115 "MIN,1200,MAX,6800"      .                        Flex Fuel (Ethanol) Mixture Spark Correction
   60= B5145 SET            B5145 "0,20,0,80"              .                        Flex Fuel (Ethanol) Spark Multiplier
   70= C6001 SET              DTC C6001                    .                        DTC Type
   80= C6002 SET              DTC C6002                    .                        DTC MIL

[B5114]
  0= "0.000000,0.000000,0.000000,0.000000,-0.500000,-2.000000,-2.000000,-1.000000,4.000000,4.000000,4.000000,4.000000,4.000000,4.000000,4.000000,4.000000,4.000000,4.000000,4.000000,4.000000,4.000000,4.000000,4.000000,4.000000,4.000000,4.000000,4.000000,4.000000,4.000000,4.000000,4.000000,4.000000,4.000000"
  1= "0.000000,0.000000,0.000000,0.000000,-0.500000,-2.000000,-2.000000,-1.000000,4.000000,4.000000,4.000000,4.000000,4.000000,4.000000,4.000000,4.000000,4.000000,4.000000,4.000000,4.000000,4.000000,4.000000,4.000000,4.000000,4.000000,4.000000,4.000000,4.000000,4.000000,4.000000,4.000000,4.000000,4.000000"
  2= "0.000000,0.000000,0.000000,0.000000,-0.500000,-2.000000,-2.000000,-1.000000,4.000000,4.000000,5.000000,4.000000,4.000000,4.000000,4.000000,4.000000,4.000000,4.000000,4.000000,4.000000,4.000000,4.000000,4.000000,4.000000,4.000000,4.000000,4.000000,4.000000,4.000000,4.000000,4.000000,4.000000,4.000000"
  3= "0.000000,0.000000,0.000000,0.000000,-0.500000,-2.000000,-2.000000,-1.000000,4.000000,5.500000,8.000000,9.500000,9.000000,8.000000,8.000000,8.000000,8.000000,8.000000,8.000000,8.000000,8.000000,8.000000,8.000000,8.000000,8.000000,8.000000,8.000000,8.000000,8.000000,8.000000,8.000000,8.000000,8.000000"
  4= "0.000000,0.000000,0.000000,0.000000,0.000000,-1.500000,-0.500000,0.500000,4.500000,4.500000,6.500000,9.000000,9.000000,9.000000,9.000000,9.000000,9.000000,9.000000,9.000000,9.000000,10.000000,10.000000,10.000000,10.000000,10.000000,10.000000,10.000000,10.000000,10.000000,10.000000,10.000000,10.000000,10.000000"
  5= "0.000000,0.000000,0.000000,0.000000,0.000000,-3.000000,-1.500000,-1.500000,1.000000,3.500000,5.500000,7.500000,8.500000,9.000000,9.000000,8.000000,8.000000,8.000000,8.000000,8.000000,8.000000,8.000000,8.000000,8.000000,8.000000,8.000000,8.000000,8.000000,8.000000,8.000000,8.000000,8.000000,8.000000"
  6= "0.000000,0.000000,0.000000,0.000000,0.000000,-2.000000,-2.000000,-1.500000,-1.500000,0.000000,2.500000,4.500000,6.000000,7.500000,9.000000,8.000000,8.000000,8.000000,8.000000,8.000000,8.000000,8.000000,8.000000,8.000000,8.000000,8.000000,8.000000,8.000000,8.000000,8.000000,8.000000,8.000000,8.000000"
  7= "0.000000,0.000000,0.000000,-1.500000,-3.500000,-3.000000,-2.000000,-2.000000,-1.000000,1.500000,2.500000,4.500000,5.500000,6.500000,8.500000,8.500000,8.000000,8.000000,8.000000,8.000000,8.000000,8.000000,8.000000,8.000000,8.000000,8.000000,8.000000,8.000000,8.000000,8.000000,8.000000,8.000000,8.000000"
  8= "-2.000000,-2.000000,-2.000000,-2.500000,-2.500000,-1.500000,-1.000000,-0.500000,1.000000,2.000000,4.500000,6.000000,7.000000,8.500000,9.000000,9.000000,8.000000,8.000000,8.000000,8.000000,8.000000,8.000000,8.000000,8.000000,8.000000,8.000000,8.000000,8.000000,8.000000,8.000000,8.000000,8.000000,8.000000"
  9= "-5.000000,-5.000000,-7.000000,-3.000000,-2.000000,-1.500000,-1.000000,-1.000000,0.000000,-0.500000,0.500000,2.500000,3.000000,4.500000,5.500000,7.000000,6.000000,6.000000,6.000000,6.000000,6.000000,6.000000,6.000000,6.000000,6.000000,6.000000,6.000000,6.000000,6.000000,6.000000,6.000000,6.000000,6.000000"
 10= "-5.000000,-5.000000,-7.000000,-2.000000,-2.000000,-3.000000,-3.500000,-3.500000,-4.000000,-5.000000,-3.500000,-2.000000,-0.500000,1.500000,3.500000,5.000000,5.500000,5.500000,5.500000,5.500000,5.500000,5.500000,5.500000,5.500000,5.500000,5.500000,5.500000,5.500000,5.500000,5.500000,5.500000,5.500000,5.500000"
 11= "-5.000000,-5.000000,-7.000000,-2.000000,-2.500000,-3.500000,-4.000000,-4.000000,-3.500000,-4.500000,-3.000000,-1.500000,0.000000,1.500000,3.000000,4.000000,4.500000,4.500000,4.500000,4.500000,4.500000,4.500000,4.500000,4.500000,4.500000,4.500000,4.500000,4.500000,4.500000,4.500000,4.500000,4.500000,4.500000"
 12= "-5.000000,-5.000000,-7.000000,-2.000000,-2.500000,-3.000000,-3.000000,-3.000000,-3.000000,-2.500000,-2.500000,-1.000000,0.000000,2.000000,3.000000,3.500000,4.500000,4.500000,4.500000,4.500000,4.500000,4.500000,4.500000,4.500000,4.500000,4.500000,4.500000,4.500000,4.500000,4.500000,4.500000,4.500000,4.500000"
 13= "-5.000000,-5.000000,-5.000000,-2.500000,-3.000000,-3.500000,-3.500000,-3.000000,-3.500000,-2.500000,-2.500000,-1.000000,-0.500000,1.500000,2.500000,3.500000,4.500000,4.500000,4.500000,4.500000,4.500000,4.500000,4.500000,4.500000,4.500000,4.500000,4.500000,4.500000,4.500000,4.500000,4.500000,4.500000,4.500000"
 14= "-5.000000,-5.000000,-5.000000,-3.500000,-3.500000,-4.000000,-4.000000,-3.500000,-3.000000,-2.000000,-2.000000,-2.000000,-0.500000,0.500000,2.000000,3.500000,4.500000,4.500000,4.500000,4.500000,4.500000,4.500000,4.500000,4.500000,4.500000,4.500000,4.500000,4.500000,4.500000,4.500000,4.500000,4.500000,4.500000"
 15= "-5.000000,-5.000000,-5.000000,-3.500000,-4.500000,-4.500000,-4.000000,-4.500000,-4.000000,-3.000000,-3.000000,-2.000000,-1.500000,0.000000,2.000000,3.500000,4.500000,4.500000,4.500000,4.500000,4.500000,4.500000,4.500000,4.500000,4.500000,4.500000,4.500000,4.500000,4.500000,4.500000,4.500000,4.500000,4.500000"
 16= "-5.000000,-5.000000,-5.000000,-3.500000,-5.000000,-6.000000,-4.000000,-5.000000,-4.000000,-2.000000,-3.000000,-2.500000,-1.500000,0.000000,2.000000,2.500000,4.000000,4.500000,4.500000,4.500000,4.500000,4.500000,4.500000,4.500000,4.500000,4.500000,4.500000,4.500000,4.500000,4.500000,4.500000,4.500000,4.500000"
 17= "-3.000000,-3.000000,-5.500000,-4.000000,-4.500000,-5.000000,-4.000000,-5.500000,-5.000000,-3.500000,-4.000000,-3.500000,-2.500000,-2.000000,0.500000,1.500000,2.500000,3.500000,4.000000,4.500000,4.500000,4.500000,4.500000,4.500000,4.500000,4.500000,4.500000,4.500000,4.500000,4.500000,4.500000,4.500000,4.500000"
 18= "-0.500000,-0.500000,-5.000000,-5.000000,-4.000000,-3.500000,-4.000000,-5.000000,-5.000000,-4.500000,-5.500000,-4.500000,-3.500000,-3.000000,-1.500000,0.000000,1.000000,2.000000,4.000000,4.500000,4.500000,4.500000,4.500000,4.500000,4.500000,4.500000,4.500000,4.500000,4.500000,4.500000,4.500000,4.500000,4.500000"
 19= "-0.500000,-0.500000,-4.500000,-5.000000,-5.000000,-5.000000,-6.000000,-6.000000,-5.500000,-5.500000,-6.000000,-5.000000,-3.500000,-3.000000,-2.000000,0.000000,1.500000,3.000000,3.500000,4.000000,4.000000,4.000000,4.000000,4.000000,4.000000,4.000000,4.000000,4.000000,4.000000,4.000000,4.000000,4.000000,4.000000"
 20= "-1.000000,-1.000000,-4.000000,-5.000000,-5.500000,-7.000000,-8.000000,-7.500000,-6.500000,-6.500000,-6.500000,-5.500000,-4.000000,-3.000000,-2.000000,-0.500000,1.500000,2.500000,3.500000,3.500000,3.500000,3.500000,3.500000,3.500000,3.500000,3.500000,3.500000,3.500000,3.500000,3.500000,3.500000,3.500000,3.500000"
 21= "-1.000000,-1.000000,-4.000000,-5.500000,-6.000000,-7.000000,-8.000000,-7.500000,-6.000000,-6.000000,-5.500000,-4.500000,-3.000000,-2.500000,-1.500000,-0.500000,1.000000,1.000000,1.500000,2.000000,2.000000,2.000000,2.000000,2.000000,2.000000,2.000000,2.000000,2.000000,2.000000,2.000000,2.000000,2.000000,2.000000"
 22= "0.000000,0.000000,-2.500000,-5.000000,-7.000000,-7.000000,-8.000000,-8.000000,-6.000000,-6.000000,-4.500000,-4.000000,-3.000000,-2.000000,-2.000000,-2.000000,-1.000000,-1.000000,-0.500000,0.500000,0.500000,0.500000,0.500000,0.500000,0.500000,0.500000,0.500000,0.500000,0.500000,0.500000,0.500000,0.500000,0.500000"
 23= "3.000000,3.000000,2.500000,-1.000000,-4.000000,-5.500000,-6.000000,-5.000000,-4.500000,-4.500000,-4.000000,-4.000000,-4.000000,-2.000000,-1.500000,-1.000000,-1.000000,-0.500000,-0.500000,0.000000,0.000000,0.000000,0.000000,0.000000,0.000000,0.000000,0.000000,0.000000,0.000000,0.000000,0.000000,0.000000,0.000000"
 24= "5.000000,5.000000,4.500000,-1.000000,-4.000000,-5.000000,-6.000000,-6.000000,-6.500000,-5.500000,-5.000000,-5.000000,-3.500000,-2.500000,-2.000000,-1.500000,-0.500000,0.000000,0.500000,0.500000,0.500000,0.500000,0.500000,0.500000,0.500000,0.500000,0.500000,0.500000,0.500000,0.500000,0.500000,0.500000,0.500000"
 25= "5.000000,5.000000,2.000000,-2.000000,-5.000000,-6.000000,-5.500000,-6.500000,-6.500000,-5.500000,-4.500000,-3.500000,-3.000000,-2.000000,-1.500000,-1.000000,0.000000,1.000000,1.500000,1.500000,1.500000,1.500000,1.500000,1.500000,1.500000,1.500000,1.500000,1.500000,1.500000,1.500000,1.500000,1.500000,1.500000"
 26= "4.000000,4.000000,1.000000,-1.000000,-4.000000,-5.000000,-5.000000,-5.000000,-5.000000,-5.000000,-5.000000,-4.000000,-3.000000,-2.000000,-1.500000,-1.000000,-0.500000,0.000000,1.000000,1.000000,1.000000,1.000000,1.000000,1.000000,1.000000,1.000000,1.000000,1.000000,1.000000,1.000000,1.000000,1.000000,1.000000"
 27= "2.000000,2.000000,1.000000,-1.000000,-4.000000,-5.000000,-5.000000,-5.000000,-5.000000,-5.000000,-5.000000,-4.000000,-3.000000,-2.000000,-1.500000,-1.000000,-0.500000,0.000000,0.000000,1.000000,1.000000,1.000000,1.000000,1.000000,1.000000,1.000000,1.000000,1.000000,1.000000,1.000000,1.000000,1.000000,1.000000"
 28= "2.000000,2.000000,1.000000,-1.000000,-4.000000,-5.000000,-5.000000,-5.000000,-5.000000,-5.000000,-5.000000,-4.000000,-3.000000,-2.000000,-1.500000,-1.000000,-0.500000,0.000000,0.000000,1.000000,1.000000,1.000000,1.000000,1.000000,1.000000,1.000000,1.000000,1.000000,1.000000,1.000000,1.000000,1.000000,1.000000"
 29= "2.000000,2.000000,1.000000,-1.000000,-4.000000,-5.000000,-5.000000,-5.000000,-5.000000,-5.000000,-5.000000,-4.000000,-3.000000,-2.000000,-1.500000,-1.000000,-0.500000,0.000000,0.000000,1.000000,1.000000,1.000000,1.000000,1.000000,1.000000,1.000000,1.000000,1.000000,1.000000,1.000000,1.000000,1.000000,1.000000"
 30= "2.000000,2.000000,1.000000,-1.000000,-4.000000,-5.000000,-5.000000,-5.000000,-5.000000,-5.000000,-5.000000,-4.000000,-3.000000,-2.000000,-1.500000,-1.000000,-0.500000,0.000000,0.000000,1.000000,1.000000,1.000000,1.000000,1.000000,1.000000,1.000000,1.000000,1.000000,1.000000,1.000000,1.000000,1.000000,1.000000"
 31= "2.000000,2.000000,1.000000,-1.000000,-4.000000,-5.000000,-5.000000,-5.000000,-5.000000,-5.000000,-5.000000,-4.000000,-3.000000,-2.000000,-1.500000,-0.500000,0.000000,0.000000,0.000000,1.000000,1.000000,1.000000,1.000000,1.000000,1.000000,1.000000,1.000000,1.000000,1.000000,1.000000,1.000000,1.000000,1.000000"
 32= "2.000000,2.000000,1.000000,-1.000000,-4.000000,-5.000000,-5.000000,-5.000000,-5.000000,-5.000000,-5.000000,-4.000000,-3.000000,-2.000000,-1.500000,-0.500000,0.000000,0.500000,0.000000,1.000000,1.000000,1.000000,1.000000,1.000000,1.000000,1.000000,1.000000,1.000000,1.000000,1.000000,1.000000,1.000000,1.000000"

[B5115]
  0= "0.000000,0.000000,0.000000,0.000000,0.500000,0.500000,1.000000,1.500000,2.000000,3.000000,3.500000"
  1= "0.000000,0.000000,0.000000,0.500000,1.000000,2.000000,3.000000,3.500000,4.000000,4.000000,4.000000"
  2= "0.000000,0.000000,0.500000,1.000000,1.500000,1.500000,2.000000,2.000000,2.500000,2.000000,2.000000"
  3= "0.000000,1.500000,2.500000,2.000000,1.500000,1.500000,2.000000,2.000000,2.000000,2.000000,2.000000"
  4= "0.000000,0.500000,1.000000,1.000000,1.000000,1.000000,1.000000,1.000000,1.000000,2.000000,2.000000"
  5= "0.000000,0.500000,1.000000,1.000000,1.000000,1.000000,1.000000,1.000000,1.000000,2.000000,2.000000"
  6= "-1.000000,-0.500000,0.000000,0.500000,1.000000,1.500000,1.500000,2.000000,2.000000,2.000000,2.000000"
  7= "-1.000000,-1.000000,-1.000000,-0.500000,0.500000,1.500000,2.500000,3.000000,3.000000,4.000000,4.000000"
  8= "-1.000000,-1.000000,-1.000000,-0.500000,0.000000,0.500000,1.000000,2.000000,3.000000,4.000000,4.000000"
  9= "-1.000000,-1.000000,-1.000000,-0.500000,0.000000,0.500000,1.000000,2.000000,3.000000,3.000000,3.000000"
 10= "-2.000000,-2.000000,-2.000000,-1.500000,-1.000000,-0.500000,1.000000,2.000000,3.000000,3.000000,3.000000"
 11= "-2.000000,-2.000000,-2.000000,-2.000000,-1.500000,0.500000,1.500000,2.000000,3.000000,3.000000,3.000000"
 12= "-1.000000,-1.000000,-0.500000,0.000000,0.500000,1.000000,1.500000,2.000000,3.000000,3.000000,3.000000"
 13= "-1.000000,-1.000000,-0.500000,0.000000,0.500000,1.000000,1.500000,2.000000,3.000000,3.000000,3.000000"
 14= "-1.000000,-1.000000,-0.500000,0.000000,0.500000,1.000000,1.000000,2.000000,2.000000,2.000000,2.000000"

[B5145]
  0= "0.199997"
  1= "0.500000"
  2= "0.998994"

[C6001]
P0178= 1
P0179= 1

[C6002]
P0178= 4
P0179= 4

